1000
459
1829
1246
1219
1589
120
1032
938
57
1032
1046
93
966
678
1140
135
560
282
93
2074
57
1140
407
1007
2045
1071
37
742
868
705
560
1244
607
459
57
94
1227
315
57
1005
459
2037
1039
135
1071
282
1071
93
135
708
1541
1848
1608
1546
997
1005
693
2043
1005
258
1304
1050
2088
258
135
1379
878
57
102
135
135
2058
33
1005
15
1983
15
135
1071
332
93
1219
1032
94
459
205
1140
1983
45
135
1112
435
1140
1218
2059
1960
1218
1912
1836
1965
948
1499
724
927
1773
493
1572
328
94
1071
580
102
102
459
135
258
1071
1083
210
1218
135
772
731
739
785
135
135
1140
1218
1032
200
282
1178
57
1840
1071
72
135
388
1218
1140
1758
1117
746
72
188
148
1032
57
102
1032
1218
258
1827
63
1888
1140
292
57
1712
268
1032
1218
735
1229
1590
1071
471
620
1244
135
62
1071
1140
1596
258
282
516
1218
1140
57
36
1218
1606
96
135
1005
1218
1233
72
36
1072
1032
1420
704
1218
73
1107
816
1071
93
1145
2076
1083
36
783
1032
1729
1364
57
1218
1159
253
1509
1043
57
1252
1909
1014
1036
77
624
1936
1343
57
398
93
96
135
1140
927
368
93
1001
927
1032
1523
471
282
36
1140
1383
1781
258
698
257
1020
0
402
1340
909
135
244
1005
135
135
833
1541
0
1933
40
282
855
1319
57
459
1032
830
1071
135
1303
1005
639
1819
348
1140
1550
327
465
1174
57
459
135
57
93
1992
1425
1357
1140
764
443
1005
523
966
240
463
282
93
977
1321
95
1329
93
1613
1787
1005
672
94
1140
1613
135
1784
135
1734
579
1534
1562
328
93
1582
432
210
1529
790
72
1424
1140
649
1904
93
2054
1218
1074
172
230
1073
221
1606
135
1333
409
1774
744
619
790
533
1503
1233
1218
1861
1979
93
1787
1419
1620
135
37
297
135
1352
624
409
459
816
1071
15
1071
1763
1219
328
243
1032
337
282
456
135
1005
825
21
514
1296
135
0
1613
830
895
1140
1983
1274
628
1140
1602
1481
552
1140
1443
629
1226
176
734
57
135
836
490
1119
282
1509
1005
1032
42
1888
96
1071
932
963
2023
1870
516
1071
1140
1744
161
332
93
1140
579
672
609
1062
93
1765
89
1140
158
1032
93
135
1005
1071
96
1916
1218
815
573
135
890
135
1032
1117
1361
93
677
243
65
93
1925
282
1140
3
214
1884
1204
928
624
517
2088
1877
960
1514
33
1071
57
1032
625
2005
1218
1071
2061
1758
282
1140
1218
930
963
572
516
561
1140
135
1032
57
995
291
373
1311
374
135
1052
882
1656
45
0
1071
1933
51
368
780
1071
1005
1212
1406
588
258
1367
435
1218
1032
1032
20
1689
1020
1329
1311
1218
96
2098
120
856
1811
2045
1032
1218
135
605
1413
45
94
1280
1218
1095
1071
135
1245
1923
36
135
1418
1503
1722
1348
1005
101
67
1593
948
1057
316
1323
1780
135
1381
1516
944
1183
1758
516
459
1164
135
136
135
0
1183
1032
1032
1432
1032
425
1032
2066
1032
258
45
1358
239
651
1015
135
1032
470
1189
904
762
1032
1140
516
1252
932
57
1062
282
1140
1071
275
1032
1315
1604
1237
258
1218
1286
670
2010
677
851
1071
1218
135
1033
550
1218
1071
135
1218
93
67
102
1435
135
1140
15
608
1804
57
657
57
135
207
102
1716
125
135
82
327
783
1222
1140
1304
1419
1032
1032
1071
227
1062
1537
258
1032
1072
184
1140
1005
1218
391
438
93
15
1140
1230
135
964
500
774
258
682
135
2043
2095
856
1773
180
1071
1781
774
325
1140
1685
1521
159
1140
1313
1833
870
754
1032
1020
1712
1083
135
1014
1032
207
652
6
715
258
507
57
45
1140
180
57
604
3
72
258
1909
579
573
1140
1034
1005
96
1218
75
768
1032
1759
1071
435
252
247
93
1836
1236
1140
135
1032
1071
708
213
1071
274
45
1005
1140
731
1140
1300
321
1471
1804
1491
135
2087
1983
135
94
1358
723
1218
1960
1015
1071
1709
102
639
135
2033
1033
1874
2045
1922
1053
1005
1204
1014
1032
471
1140
459
94
2059
1140
1259
120
93
1071
135
1218
812
766
135
651
1602
530
917
1032
57
547
135
2017
93
1218
1125
1071
384
1419
1218
832
93
1071
1299
1218
1948
1460
339
1486
1636
131
1005
0
93
1161
726
125
2026
135
327
459
1032
57
2003
1017
1748
221
165
305
1214
45
120
1354
184
15
282
1218
1794
797
1908
1218
1071
169
94
135
93
1354
135
1608
445
582
1219
1754
258
1072
1952
819
449
1032
1546
0
235
258
45
1032
227
305
72
258
1729
1848
1191
2087
1032
15
51
1140
1798
1200
0
1140
1918
135
1608
33
1597
149
140
940
15
258
1032
58
1218
651
1140
258
259
1140
887
818
816
816
93
1928
96
1267
1616
15
459
1032
1032
1743
459
1045
1218
197
57
651
1284
1072
2085
451
2010
94
72
668
102
271
1918
135
135
93
57
391
1218
1668
1071
963
21
1526
516
94
57
0
579
459
1039
57
1868
2020
36
540
57
238
435
327
810
135
135
471
738
1811
57
737
1071
0
1419
564
327
65
1071
135
718
135
135
1032
471
650
343
1928
2030
1032
57
1172
1218
1054
1032
1284
56
1821
1897
