0.0912051612603531
0.0002532971076363549
0.03183825696085758
0.21839732076353147
0.02085623455479815
0.15223535635557117
2.319917310070919
0.1739248680114318
0.7286519736940207
0.11313464432372526
0.38492551792722984
1.4433259098168092
0.02071143938872119
0.16910945113360124
0.09525352387585914
0.026612050988651634
0.011750985474042843
0.3215542617739956
0.019641882934348792
0.41452517028707014
0.23348813437933483
0.49206743857648516
0.25906275704565357
0.0019998283267681494
1.744073967135206
1.8207296297170001
0.0017844408389322425
0.6814245436171883
0.0663449211719266
0.000580399572376949
0.03474223352272382
0.5337756450038236
0.030647992743311977
0.18606960465057712
0.9691898696561091
0.685107043700094
0.0175914097574121
0.05792724857227886
1.2984434332480157
0.005974162987506274
0.1437940893006962
0.038349606460676935
0.2372784287474144
1.3498165026857065
0.24205400363948051
0.060415895355147915
0.0004424742300764037
0.5547665894655464
0.29899921913323824
1.5952536734440022
0.17328845233306853
0.028768080064857676
0.09783267509099654
0.03455445181295332
0.0004938193239165602
0.4101983626763157
0.18840068681261646
0.015594431950412704
0.00572639086485412
0.13082910044109652
0.02247232546953267
1.1765094642322356
0.00538650575013065
0.37448745630266933
0.09229093051379259
0.29635636966413026
1.232978757435009
0.0035889230036124085
4.9473340454399324e-05
0.1585829892573349
0.2775597958353243
0.038785700972301364
0.023467071431126137
0.4371730206477476
0.17984989436479967
0.7838151758412538
0.05086387843770809
0.08257906487543203
0.06298833174652851
0.5732815102180188
0.3371649263279658
0.029346131409048883
0.007733620913378449
0.0425537561379729
0.07163128827065904
2.651275492879094
0.01456918041194925
0.004009159155680593
0.11237563608058682
0.1934116736153549
0.28424335865920697
0.0640853067444992
0.16628194386577194
0.05746610338855716
0.9670351162757229
0.01923994978342962
0.04790472196567693
0.11129376345776223
0.6730627143702345
0.00732515855725874
0.027931868358365534
0.010592041914496936
0.10810835407724109
0.433667036924753
0.007027295506404204
0.004471674645398917
1.513434743324943
0.04946688372762405
0.07022055992301056
0.3314285253187176
0.823075715047434
0.06900349631114172
0.02166268698587861
0.7089329219983205
0.16842316057585027
0.23601664978662132
0.020054212189112103
0.07542728693036878
0.29493354926803333
0.04575983370077155
0.006745014588193134
0.8097380112279025
0.24359531995099454
0.021225577605144104
0.6302493237927561
1.0059504634951184
1.1872138466141364
0.055217920282234254
0.10865309220220969
0.10402851456976679
0.22367386639238185
0.7737822533629635
0.43150515507622866
0.21228589046942065
0.18114447111612125
0.02171277766526687
0.4031371931904788
0.1574121133356128
0.17759841289568992
1.2095534447876786
0.051629250565651534
0.00398961453934368
0.057700121965929926
0.002012898571903376
0.6052544314453068
0.5136101789103606
0.06105543314440512
0.20351928868827773
0.09239368206201404
0.1882924398009396
0.008545100374060232
0.1665726044126403
0.0018572653025171935
0.16852166127868146
3.8899118325319986
0.03409422737465256
0.05314210440646953
0.1259570711779057
0.0246169746977413
0.16445013449736
1.126490666235934
2.180783103697627
0.3338471216348899
0.5159165024283883
0.7607013174284124
0.13122066987027947
0.004296782820274662
0.18022456193142733
0.2534292156950883
0.01458583107940136
0.15516460335412194
1.6465071330074883
0.18438688199629985
0.056290584258169796
0.7538079397620832
0.10677338028253139
1.0410400037831014
1.3832005293218834
1.2982310672706296
0.7690735529248273
0.011896622666103447
2.9914909339146147
0.005183814360617001
0.010276087755072525
0.042207091354565685
0.008191765305222276
0.4710792026290514
0.012398658596678977
0.810561498955308
0.04758551875256747
0.20880675382467778
0.10215409462134288
0.00014842541581354732
0.5128828648813094
0.48778569461126925
0.20050720404553735
0.4782344838537578
0.43584685630558223
0.02320836559283384
0.3998565991662687
0.09407048780596985
0.41244529661630397
2.420531068601391
0.02671630759247792
2.158858958517594
0.3919821193784806
0.5573702727881714
0.23125962972282543
1.662734725014474
0.019082354628723777
0.08766768720824215
0.0003788220430907733
0.009872153474704508
0.1272149174714042
0.21082689501290378
0.008371372311834754
0.09986604923052125
0.3968560805904638
0.31324193998440103
0.21784980902916481
0.02575219257183327
0.9848918538932219
1.2529189021176532
0.009926669684028302
0.03163938397775355
0.011336332223963056
2.587299375954425
0.025850662169398922
0.1154652070624204
0.9887058341059646
0.45893203847987485
1.2744778849177127
0.00406335863378905
0.01782563547942735
0.007703802952749177
0.4776498169241401
0.15731717975173012
0.48328204853573137
0.0005727886964617574
0.0030173011204905685
0.014146418683057847
0.0925543735456043
1.9645042729773887
0.468534048254573
0.023110144353957782
0.4467894765566199
0.08153722009886755
1.3813566768960024
0.01841940832345126
0.009496443068170091
4.3297485297739
0.04185020808039044
0.15870176395595598
1.2625051525161166
0.10318352014556198
0.012460326727708155
0.05277908660770009
0.14173321617571577
0.00991763928622462
0.41262291364602466
0.7318465036686392
0.7861292469556871
0.10591721455415182
0.11595971157311406
0.017249922577812545
0.6239269898915725
0.20934004134364473
0.013086600524154285
0.22495763376641528
1.0918937489362674
1.1821730696546344
0.21341450789002267
0.6610457433019626
0.027710088517983452
0.06978926597921463
0.18613736406646286
0.0003345169271356398
0.12166134897640543
0.4311674897584481
0.24754844435116014
0.2424007173087127
0.11841378954204868
0.575308737924369
0.20380623310217033
3.237239427962326
1.9628497690176332e-05
0.007102357986454259
0.030802145900466055
0.0970066820321555
0.06641131577449115
0.0483781943646494
0.16842170307302815
0.006502100062911368
0.2642610935731819
0.09471687742962072
0.383527507685237
1.977444641253158
0.028324779994271104
0.007589494823224671
0.1547647963607418
0.01874363053322727
1.5247190231264407
0.7087426039642641
1.3913279665654095
0.06126849371747563
0.17141294376364677
0.023672663363978885
0.004629758384735585
0.014763588873419895
0.1466314737822818
1.4257577701539428
0.039158364830850556
0.3471571804449266
1.5445291979341502
0.3735330497507284
0.19417027895093372
0.8383773160026111
0.060313414889375826
0.08345871042774629
0.03524718795779907
0.594364359498926
0.3587756527100882
0.034034832195600294
0.17167265853652564
0.053766605021508845
0.13707107892025247
1.1935997262687823
0.32613663569952617
0.7426785195627453
0.755211449269701
0.5675914450005582
0.4857577748867409
1.3335963129590385
0.27155124395355856
0.19899408292191828
0.4668806776472366
0.24171872360720156
0.03947598227100192
4.166332639460073e-05
0.08809476549757846
0.08526717456660864
0.027579279398293518
0.00905967847227258
0.08451129427410536
0.5380558076305688
1.1041821496721298
0.06144403410846641
0.6136045536517338
1.4649469077745916
1.9881863484742472
2.4989551154899967
0.11107226739306872
1.2601888142589708
0.3216233217556521
0.7934276590480213
0.2778005323201262
0.05461211211827427
0.18673630831037463
0.35784254356310247
0.07634945567950813
0.14876707524298924
0.23653822287989484
1.202603996544038
0.7814972234315175
0.8234796848094074
0.30467105403780154
1.2649371375668004
0.32919606684947866
0.0016467405913864611
0.008749665839457847
0.1075436862893545
2.350223176742703
0.27301067409892643
0.18719413135732896
0.029016111804072816
0.06372255238233625
0.07521978687686943
0.020776808831497705
0.13878337512001152
0.3967269195726768
0.8036620083426493
0.8705781463533729
0.16868227432151298
0.0715651229900682
0.5539625661593874
0.0077277734457976924
0.20967612263263033
0.04141734209395862
0.9358234645427722
0.007133123583214938
0.3333764192022594
0.2686868843665116
0.00013044672492926437
0.6356480943750612
1.1508698659630499
0.33026963722166164
0.010695913287406307
1.8160788348592098
0.09627373369028092
0.00785103870654943
0.03296647434429336
0.459934063099462
0.8303489942793926
0.16303755000436024
0.019409918806500715
0.003052494853530012
1.4144605116530549
0.00010405232036842356
0.07429228955332985
1.9440487657371992
0.34804731907521286
0.13189785177209357
0.9944711855188311
0.713478205957313
0.03220148821664606
0.011379988725075656
0.035815155439561035
2.547036630227763
0.49796703729832487
0.2147286610059231
0.3451447978441575
0.07562660104186693
0.31233529076279465
0.3740350564545517
0.6884242864718683
0.012917869864836479
0.5574987448159188
0.07718716818546628
0.0058077481765183405
0.0045144943860100616
0.0046195194802056425
0.05198133217406398
0.6474396569782827
0.020707601980996044
3.5120410537806945
0.12077839350635317
2.72428602760014
0.6158152147013906
1.0285791307923358
0.4957029570106434
0.00797192899343648
0.6154354919332575
0.01793150250157917
0.9246966986978478
0.602146886644957
0.15173257567554183
0.2148330783352711
0.01772508616188644
0.03504491249709998
1.5640443284975287
0.05071342646484916
0.4129676896003317
0.5372606955863297
0.0699588540626961
0.7022524732905926
0.1649801429305511
0.19187932502531144
0.009666059283305528
0.3386249477568477
0.153764081861753
0.013250017813902283
0.389510829241482
0.4697210954854394
0.3668590211888647
0.5854036872056446
0.1408554086261628
0.36059549251217576
0.6281051285225345
0.5532386278330063
0.941271064832362
0.9440609579463014
0.28438496739784785
0.012413149671878794
0.661557165250297
1.6606340869149456
0.1327719766806876
1.8067866539445745
0.37473065722884336
0.6038040186584634
0.48551684221503855
0.05858422951227132
0.07740991340642854
0.028243423597889974
0.09440420981194719
0.11830823298504073
0.017156962189816848
0.011910973023758653
0.017043760255081974
0.1313298742484546
0.22939139685871332
0.06256534539182668
0.066860943822416
0.0835368820489122
0.1000646047695099
0.007708357339540172
0.13691565213196044
0.8242379171911746
0.20280916375856264
0.7266381526441401
1.0993748368802012
2.107086731856512
0.51721849176395
0.016876743349321155
1.8278928872549693
1.7934832259562217
1.0800326972642562
0.03251521432431502
0.13971653890474148
1.9012523752318675
1.2775178077212874
0.07225292035567576
0.38471664116197457
0.25001222729815686
2.8605913597540975
1.4914477886593915
0.17418415321980274
3.1257345203466147
1.0606397548655615
0.15276899311199033
0.0024999580906177443
3.458890436052927e-05
0.48806082205742596
0.4821095054660683
0.3815523236833981
0.010418308753636474
0.016820291787036572
0.15546393539871245
0.07186264191410303
0.03627798751375897
0.797790118597185
0.017287758126490877
0.057057215116424906
0.750369303967568
0.9637971668716674
0.34447946826878517
0.07253904437351291
0.3742946032830833
0.5009869702792221
0.4435553557701899
0.015909857830761053
0.16583680924423622
0.006300376636297712
0.4929410094455642
0.02774313598074686
0.5436018593844382
0.12214589035355931
0.014278947294062582
0.15776490700776458
0.04615301347497397
0.09693455983861662
0.009478938669645665
1.0921573507277909
0.04040719647819999
0.42705373165562255
0.1904935260105423
1.3864638496935249
0.3402398831238124
0.0007372258882353587
0.08679132003381203
0.00022153167414061444
0.3074129586104904
0.003092948482632656
0.30285034733451616
0.49855540952408617
0.3839481054786166
0.012436515964404584
0.36228234252724223
0.3195481994552287
1.0904900642663582
0.029321764754469144
0.09875610974793572
0.015610811897440796
0.14100783493155492
0.058364128836361884
0.15451223500083652
0.07646425645601052
0.6342817531317151
0.015481769100346258
0.657667750919996
0.1729678020760582
0.47663806503889367
1.6319415247921882
0.12369335336350287
0.9137733996838666
0.00748836644265961
1.4132447254923757
0.9969754937038696
0.17188074578558368
0.49506318410439165
0.07204009065181965
0.005095903356029505
0.8449224692741476
0.13079774090906252
0.09531978729046607
0.04026159909387998
0.9776647036974078
0.9216975918060014
0.09510969381413588
0.9895477222665403
0.23490686225388757
0.07477263154664351
0.028287503556536857
0.6166660839306918
0.06653408051333619
0.3993859785148001
0.10706032546595139
0.6024032258244011
0.006802089366081106
0.11151871279877414
1.434291270133042
0.11720286047188462
0.3258690500736974
0.30481660330389393
0.2900061341641055
0.639542979175922
0.28869364594168173
0.06224474933128016
0.610705853839641
0.37545077653154985
0.0012518829081836665
0.5754312611330908
0.24138513181151813
0.17651853361740683
0.3350362869598134
0.0584877718986629
0.19411548571731982
1.3133355003438076
0.38076756065703227
0.0035603864121008396
0.3125766297940723
0.056740399114339334
0.02424176289229986
0.03997685794357674
0.016938137405614628
0.08593185836603597
0.09218014008073096
0.021483725805780614
0.19000320538470694
0.6228580236394451
1.0705917576244928
0.11546035627532977
0.11156336975280509
0.1607647211079644
0.2792509371026903
0.327072755379688
0.13273717221100637
0.027425506392272384
0.012838588892608197
0.03205868839013067
0.005957424928829825
0.011158799722550605
1.8396840109060304
0.2425280255308447
0.13216221020229593
0.18339197267350105
0.07278117128061666
0.0014990397247495722
0.12092519169399663
0.12801313462636282
0.04109078165132365
0.4475984402156891
1.2419550218840152
0.6339190792138742
0.4479803403337612
1.8072527382252452
0.03704724737031221
0.7850783555937472
0.9774200555152905
0.2497124561475111
0.012437342528599892
0.46927283131411096
0.011774728783173621
1.9362096779470583
0.33217807027863244
2.3460921027647212
3.311632653722941
0.1685947370904752
0.0441299097333694
0.07997755727913415
0.31525364664009126
0.0006031915307475494
0.0036610447611171134
0.6256376605289315
0.003579705255832753
2.314953039045197
0.05090629688977387
0.02034023948629125
0.02497278291422836
1.012558441309045
0.07391124517073315
0.028401270448303057
0.48863199313590444
0.24487103051394354
0.36571026677569546
0.14354857518015776
0.022973480400520732
0.7974917981020965
0.030013221919686986
0.5088822640111604
0.61746915170614
0.0035412933005992435
0.03702453298647147
0.1931617831219076
0.05771993604147922
0.04464223104093284
0.03430148470777226
0.552868635485284
0.0073829068437748025
1.442591457148064
1.2065156625922093
0.019695688589696704
0.00897595259419822
0.0024755010344091315
0.022528758630203944
0.053504531649015655
0.0008782868362664484
0.1882174867510718
0.05187993004002751
0.058082062531736346
0.1274234800012928
0.019082007582486276
0.19076774471797225
0.002009272313848811
0.26126646488287963
1.6517484048454898
8.53960944343906e-05
2.194099520551174
0.6047674974588172
0.2210903765898507
0.9116232645414063
0.10702629715439198
1.978636190696481
0.018768491469943225
0.002531313265571782
0.28200054001126307
0.018985131079643777
0.9681181906202718
0.1868128455312001
0.5581103718775059
0.9442120171127675
0.01629260866660525
0.04700716910347348
0.44798386585448785
0.6218358928794634
0.28126163776060686
0.01351318456678038
0.09915636270425672
0.19955290575355927
1.3924271928355667
0.010812925727623086
0.14520780663134988
1.0714245269234846
0.08202314144130578
1.1118488960461361
0.09836261150574258
0.3201729533354511
1.6749357366110411
0.022116167206623467
0.26159641312334747
0.006659116538866631
1.2213342661954247
0.10222146647626669
0.05732126081508565
0.16028591624388866
0.5142949224308737
0.02271728182856594
0.01825948129629952
0.10942174596600272
0.8861159902505307
2.2618289181416817
0.031456581311006745
0.28883776589042354
0.34142811703068204
0.1311835509690134
0.018216364754604815
0.4606034968666251
0.9417175446737931
0.7992075584608558
0.28080791469815014
0.10586048936476807
0.031299534261164316
0.13655857199532775
0.012613352317259668
0.4055590478128263
3.6377569290625247
0.03245227979443228
0.07626498776397762
0.035781632356751455
0.3867937183775562
0.0995140162571516
0.514181310049986
0.5136026396859634
2.4831167493622474e-05
1.949265381634623
0.13732408683120226
1.7642691144450884
0.13328179622236486
0.039100796379672266
0.03375510957541526
0.3475922715739217
1.0606038488424825
0.3327030951428658
1.4540961479450436
0.17219654004830567
0.44514152274589236
0.6850205928857992
0.5020004906797771
0.0038997976346919518
1.7060246104547072
0.00296428287188263
0.005314611607953379
0.3986794027315378
0.0004299701339493205
0.03259064177664305
0.0037045407109153427
1.704751612981781
0.07286241236181264
0.09022605104185082
1.4111102169265164
0.27886818217247983
0.48900932622783067
1.806431380935701
2.8563237548868465
0.2516889392385907
0.2695658114863651
0.013751910220387197
0.4391837244395967
0.01620884820768587
0.4473445759188689
0.12463007281152935
0.6537260536534258
0.0028361262061220235
0.4500825527875906
0.2587732190887561
0.04494197821437879
0.07665093736212925
0.0021689063305289353
1.9637503907209979
0.001004609539620465
0.05580671127635834
0.8621089353654072
0.01939634317965686
1.0199195203511382
0.7222535402058674
0.06297763297675994
0.05902682931902559
0.045647921681312306
0.036456210831898386
0.016506976864295315
0.001090280704031221
0.8094895429601839
1.0006322851042715
2.2630081951628966
2.232679539295049
2.8480476347523482
0.1505648504524087
0.37498580139290566
0.009447931851627967
0.03756028782225724
0.3016149810923554
0.06871325741994443
0.2746770623811406
0.17001612829359405
0.013470174079371414
0.30204363560917596
0.003763311747560706
0.014974439642985178
0.001223865021350138
1.1894299926998788
0.016704807901867198
0.2187500594914603
0.6259788728000503
0.011805933460162135
0.0809552506037503
0.2914210750221612
0.035453078245744944
0.7282651260278082
0.06749660674455489
0.8760560018123938
0.008400694784536056
0.46148525075780306
0.22289115788704375
0.08956451309841196
0.4457844651633446
0.4255622160223319
0.6087224332618674
3.35509156250599
0.02631402667141912
0.25827250737007157
0.4082607385547236
1.343024095505262
0.35000360337732295
0.048776634871375714
0.03463056749439555
1.151239053880299
0.004703127550408224
1.7127744666790676
0.4632868509325346
2.5100344885635146
0.0007639892516983745
0.051874749466425
0.006232347106889501
0.00016518449895112856
0.18909865570429085
1.427639608608414
0.05568982150598462
0.19549972077822034
0.6002205088021196
0.6013296752586348
0.5248613096180375
0.26644693400720076
0.018472575282451616
0.5505552177969011
0.49399377571746345
0.03603973243107496
0.27589618780274855
0.44544024896607604
0.6784275963318642
0.3668640687495993
0.02887463800847691
1.3977461989000606
0.0029222222867033316
0.07731959214161543
0.15862701292430695
0.003601073653613625
0.4679886387290706
0.03183672436874777
0.08377222892662096
0.0024346124045144775
0.4900094953781382
0.0013708325607991092
1.248954214936077
0.8438277050455102
0.17658974468338295
0.08333048974578275
0.5901969790145525
0.9036674945613
0.06353904511908329
0.7167649132007612
0.013684871629404058
0.0847540872426977
1.7066126269824307
0.2734179409962654
0.3914386988833488
0.6425572575182539
0.06339445525223508
0.009455680565368824
0.27521469522458347
0.1367948006554163
0.05702085536303427
0.15990837141324457
0.01045002918944668
0.595529332870942
0.03290630854820462
0.5154266719607914
0.006106291745378618
1.2558854761181861
0.01328203388561069
0.2518007359875251
0.002910673349702912
0.2502045072071928
1.7541158731643631
0.021219515351835284
0.22219128453787412
0.00267555239190863
0.01916916491681583
2.7712574468706888
0.108594382961293
0.4250528033108212
0.2274438432334813
0.43770700399330487
0.0776322459982727
0.45865413527738336
2.7078643848054487
0.36422648135368124
0.29405622658735847
0.15957451984214716
0.41269321817696364
0.051849172899038995
0.0009550709122311345
1.681566030295782
0.001141006164776341
0.056423926050781864
0.1742600837111298
1.0175216078777698
0.1200022140298326
1.6579350970055513
0.10795622931025403
0.8524290820556409
0.02724282842323643
0.013140952636776605
0.7732140952702239
0.07236507338729463
0.3518960004306765
0.05276151841659146
0.43615130660837487
2.0742416534211885
0.0025039185174320364
0.01723898785007103
0.09077352752926254
