0.0006143055254797899
0.00424368063623761
1.1419779381199975e-06
0.5637900131329471
0.16488122678391637
0.21726847373302235
0.9640670161459152
0.010024426442796792
0.027536579761869427
0.02760538272882948
0.28289308444238515
2.0415968892012897
0.0655019894056486
0.41682210432934486
0.22185242279097223
0.264041416071867
0.0019334746324961036
2.2533881789981436
0.0012479525032323875
3.864267180001056e-05
0.010889029255176767
0.7888008029654523
0.6215760677152035
0.02237907404226882
0.00873586525338365
0.004530543908311149
0.6811437859354353
0.0011650524862844706
0.03916990613009854
0.0330692332585832
0.0026649307049356804
0.10427715785535767
0.12326120798450367
0.01466146137808254
0.4055810513227492
0.001175926912920608
0.1504222801129511
0.0028691231319821426
0.785354577939006
0.00028437147441057035
0.3752343113828605
0.05115703817012293
0.033715388320528235
0.005751447756532327
0.024535171044984407
0.584312723241307
0.18910430632138625
0.041023388729545696
0.0008050560247205686
1.971665555521869e-05
0.11545380116412444
0.038109706313941505
0.38480666027589544
0.08330611423007654
0.013818107293674092
0.006240193832671201
0.004259564562582972
0.9377301846710836
0.0003318701028071778
8.920075554315763e-05
0.0016492671699667085
0.005525300057649581
0.0010068724071444605
0.0035134736522208715
0.026471115102378078
0.0061950193446420705
0.0022675562720913655
0.5495567952712184
0.022900142625926705
1.6437270301733073
0.02925337666780868
0.259998944220486
0.0002589978826822263
0.032119407773589556
1.4457302925217037
0.012542770423511856
0.009820650224594933
0.6112172174173969
0.4228868483446642
0.034314315668518836
0.017169765600191768
0.6471189566155787
0.7353682897559599
0.2530068282634878
0.006809592690503839
0.0014447503055515741
0.007040317847214897
0.0054976279740359115
0.08506549935261622
0.1561690150430675
1.7201351121792937e-06
0.030294653099200593
0.004748976192998818
0.004237103425532805
0.019494531341313473
0.20065149988335032
0.010691488398526006
0.04536664374920201
0.0029443449502114067
2.1991290813111124e-05
0.17261562247831924
0.001388503037781204
0.012857747381971379
0.0005756399423917024
0.035135053966195755
0.0336572267484775
0.03975276179250411
0.055641713903927095
2.4020384150654994
0.15234362840324234
0.03574391541314555
0.0189718181252486
0.09183192428996889
0.00023381369004803743
0.010474227506646125
0.7212428628160812
0.09024948362212697
0.15625281020121817
0.13233481954178622
0.007336509991179489
0.29260623006232156
0.050155769036468324
0.01375929727215646
0.011017090455843597
0.0031437437700502046
0.0006719870879229916
0.10998284532796285
0.003048571143354489
0.00012919470692218928
0.22452207949024122
0.0018826365501617129
1.3889488970611463
0.3075583826289781
0.20411097168556258
0.0009625516093524975
0.00012843898092700854
0.3245758118057422
0.00013080346083075442
0.440926108438534
0.0005172202313509306
0.04454648391107521
0.05131234037212788
0.03341728456830767
0.08544801871138825
0.0035263230824656103
0.000390021862781151
0.2821453968795034
0.03127858132553964
0.00071594117897804
0.024420765287502484
0.009128832977853416
0.049417648511621955
0.023998462240604326
7.787873325811836e-05
0.00014653478409581435
0.13562910314400103
0.0008642087644383856
0.38365367017402985
0.011739688935743167
0.004148168391357715
0.00014975817666411164
2.19047209678632
0.34490120596804535
1.0189875750949791e-06
0.8337373209819025
0.025965605152416128
0.007272720818186836
0.08205972214458596
0.0003190130173322346
0.012053330355237828
4.32713705809568e-05
0.00018442890432821145
0.01769286281899157
0.39837774103335516
0.02157835815578553
0.00042834144918682386
0.0004607225733446262
0.09989256629024978
0.004637680502361348
0.0010123458754406033
0.07662603291787377
0.005366932955159439
0.00012211145252849804
8.143062043229483e-05
6.963180379087457e-05
0.0013110767502547323
0.001002339600824019
0.008143053230931955
0.022682843381217368
0.0613514655276515
0.01749136064289577
0.05942059911657016
1.056184895034622
0.0212222761832601
0.577880958460138
0.019242175612267102
0.3103474118340704
0.5681277558339607
0.30108508571499404
0.0008255169785101491
1.5298769398405168
0.2678047399395932
1.5178765782449894
1.0034311999470116
0.00457998318757482
0.000134080486990479
0.2623729280472548
0.0015796214381521704
0.08295935686707272
0.04276106521733407
0.002261575528239282
0.0007274918205922397
0.3186596099422491
0.2570342860772774
3.573455373567723e-05
1.0725244106351997e-06
0.3598237934873859
1.593674174118817e-05
0.026171509159153707
0.03884706366423429
0.16927052194933428
0.08268533115057115
0.02589559953735105
0.01693084316216625
0.0004101663898064619
1.849463581988931
0.023458704112980504
0.08877519176816097
0.0277417749342933
0.01673900232289397
0.09980539810508691
0.19157392135589962
0.3827822857411062
0.10748876929956394
0.0001029512605092214
0.047753516768726814
0.0010680101168251976
0.7992355824954223
0.4263920425787635
0.027604095087907003
0.000528998665672254
2.1650990165492605e-05
0.0008988635737953767
0.31790728321995154
0.0002994727059633679
0.9671314371703796
0.8251443619792527
0.19530063554371346
0.007722288279737574
0.21544881944417552
0.06033343954155167
1.2489437347953785
0.009738003529644183
0.46762530071727965
0.009529897032192074
0.7303539132392404
0.043010410180261145
0.001982365003363464
0.030093076829640002
0.021699042266816026
0.008427904893084122
0.07614847820585938
0.0017749911782405172
0.00024793341512997357
0.08507577545155957
0.5727309003069138
0.05182672907502536
0.010924285609621715
0.25532964799506364
0.16943653607594106
0.08530945726526303
0.06133158806052972
0.004204336293200168
0.003605222418686941
0.15712582411467355
0.3331156392651917
8.7855481443276e-05
0.0013065407381076903
2.006975613230223e-05
0.006219107195444454
0.0023851259917138734
0.2697985837049613
6.389443808903432e-06
0.3994881300082979
0.007665973982206037
0.015600897812667016
1.9889973718633984
0.05311462080293055
0.17317023775786042
0.032497303371252007
0.39168773484723407
0.013640200475595369
0.16330113313093256
0.008144671808674831
8.917451024501738e-05
1.3732853366338558
0.6097649898368469
0.007473257320044103
0.1865482641437729
0.5387233640934415
0.1817885378405281
0.016623728838078344
0.015053387482382533
0.0027036718593411143
9.923334636214821e-05
0.18439592005791214
0.020572908926317458
0.03820606375038988
0.14168607455349366
0.0014985492776005136
0.029121431068799167
0.7166436310119013
0.011048904894387332
0.008167556369906475
0.002163950344949438
0.13281783865633276
0.15797137359053212
0.4200497595479348
0.054663196564047625
0.010158412514642612
0.18505746839477155
0.00410127097681714
0.15146319038917178
0.0748022224070587
0.00010089452031379076
0.0021589813036496444
0.024534068685923886
0.10493645459125539
0.01908987285902644
8.460202766946654e-06
1.2429133704504056
0.06318528318185958
0.018244875251252624
0.0033644277151346222
0.013867490230174855
0.00115929356746001
0.36460618507018605
0.7266635923330267
0.11705242237388136
7.774962977158815e-05
0.09491236441512843
0.0928675126059183
0.002496420648300464
0.1087083436226114
0.38478614563457153
0.026152138096005986
0.5754580945266744
0.1089582500817678
0.0002643519822994587
0.7528359023927808
0.18121725115305204
0.038782897297454044
0.004372052487306241
0.32754148550308115
0.020434123719609707
0.004538280930462496
0.015528148603363436
0.005927720497556394
2.5397986906427162e-06
1.6139624602900637
0.0004913600484287777
0.02583582759223554
0.0032263133772497525
0.03669545097545034
0.00020283372352860934
0.024051730173283124
0.008400414731195778
0.0012945667664020593
0.03816356651037238
0.022297862193837673
0.017172211839408924
0.09167599879304586
0.11796111897347156
0.20421544863379257
0.022699446165060692
0.0839308385116904
0.055869274585617044
0.004967653653940526
0.19105595260536212
1.6375372126601608
0.03603263566658695
0.48873626377323476
0.09492471023359082
1.418494823991849e-05
0.21635602560660153
0.00017863081995243287
0.033890437666014996
0.0025492059743000743
0.0008789517243645976
0.0001957179504786373
0.2991185224456604
0.001150264143793107
0.15287119238161484
0.009633524363056823
0.04481454211257196
0.00033306670218534055
0.0032334265597698036
0.027424077347977246
0.3778847138439815
0.006652026807397761
0.12577219522394567
0.020060107851786
0.017884569023455255
0.5047600556746905
0.0005451031992029944
3.526395675365443e-05
0.34473737466405724
0.0008320878896767676
0.02528414589127733
0.712852702536424
0.000850611364104794
2.318117586917629e-05
0.0008251764270158409
0.1717101700850657
0.07650252723592386
0.021474251519327883
0.008070043777009548
0.0009336282460133859
0.4474444617467847
0.0744333844038095
0.04895965721155814
0.5315192431176952
0.011778054225071048
0.4924284351512193
0.060993584122309825
5.623977579469589e-06
2.4803131886211377e-05
0.24572623381537814
0.021001131612408463
1.0146047411497878
0.14234235249298088
0.017967658469434506
0.048743900161610176
0.002937441698749691
0.06196060192366194
0.003948027895014841
0.26262092027636774
0.07835357142034315
0.033101885313844476
0.17796917943299023
0.017927823838313477
0.11936404145018757
0.0003880136241050261
0.02034446548669697
0.026434390158049423
0.07591830926146145
0.000576313578249975
2.1490317895228918e-06
0.29023178620955803
0.0012898632906660889
0.015622527539344329
0.008248291311556273
0.32915294088466784
0.06419083624438375
0.2386115929141674
0.0229789343182632
0.022033832961407575
0.05092609554141224
0.0005735826404984108
0.17120775269514535
0.07080850632381995
0.039108191783906086
0.26441216690337144
0.0023070160528062393
0.03757088921855947
0.008954184577770278
0.021269181255882688
0.016618851694201804
0.010185455474494402
0.07880032004592893
0.018652833782730367
0.0009444386182933208
0.0010091058675462678
0.3063321381833085
0.2967202443429298
0.09839778861282934
0.00047650388800457084
0.0013186005178660641
0.01752978113514707
1.3199663885920276
0.0033231822352710254
0.1175028518383695
0.029083308848043745
0.05437044705226958
0.8180644577868459
0.00017183438758607564
0.0073400273266499855
0.002715260053124573
0.008520686425717815
0.00010349084020640045
0.050305790168741975
0.12800790144580057
0.25745413532046324
0.9787726607894476
0.127818937728255
0.015272350286075254
0.5273643309782262
0.09546486543522197
0.00019791679419597618
0.008064143169068255
0.03590751113289313
0.10635748491118954
0.060764231147678774
0.16278163798124645
0.24440311282821656
0.0003550229993604226
0.025412431823272148
0.8144109373672175
0.5035637184226407
0.1064077677141661
0.13241561723823636
0.29120040686948917
2.254474367234822e-06
1.349849448426417
0.0014474793638626323
0.0006338753112777582
0.048544981919947355
0.05209451071936752
0.014727838522260839
0.028280875254421967
0.6403423720908965
5.6342139748724024e-05
0.11794698897007169
0.1712402832327634
0.0028491060024799755
0.00019349085654867527
0.01094196427211882
0.012774436274944118
0.10418713383070947
0.006528708548187118
0.040152228942040034
0.0029059278671143963
0.10198744844850097
0.008747667091312056
0.3265421677163297
0.29736461583834123
0.042579099810385615
0.0008007409314199167
5.5017077119905844e-05
0.0009126221103656931
0.004754688830616878
0.0006940722433366388
0.0027260756641536974
0.1823923415564554
0.0005219966139274357
4.1366780358060516e-06
0.010977246171945404
0.0016762635713526582
0.017118610484096703
0.0008544305249726745
0.21049865465918308
0.5030145864247706
0.0006326646863706302
0.01164387532318846
0.0024814316190688657
0.005681046646995378
0.021365288720793237
0.023870043768401347
0.22661893013475462
5.404901637177077e-08
0.007829179166842984
0.004991851458661339
0.0027776819621145614
1.081597070401849
0.012502638097130373
0.033829297695014596
0.00015892909444575166
0.001546146697995492
2.1093581632747567
0.058450415023994465
0.39448166951794206
0.19953795171852792
1.621203880733434
0.057760884005458715
0.40442652212519925
0.03706897847221704
0.06267777053534676
0.0016282946824006043
0.06766415755192587
0.16793137414316128
0.3059319319261268
2.250045872515952e-05
0.13020049092140804
0.09499537315842364
0.029247987230253854
0.15991805087664773
2.5010754857636006e-05
0.08432808930999453
1.7040422839454377
0.00040777188887576636
0.02385633380982071
0.005278636422767015
0.06735538764179877
0.017660973160233545
0.17226343168408545
0.008255858476551678
0.5437566510396366
0.39784188494238976
0.05673859895176824
8.973629660422352e-05
0.28445317205868287
0.02962775810562573
0.022488271848130077
0.011040168051318338
0.0766924013655584
0.4771662244570878
0.016137872156344372
8.526311143624364e-05
0.30244173117273865
0.6266797264709675
0.27566538278118685
0.09489847272498052
3.916147098737739e-05
0.03872605110649407
0.0009310357199232611
0.045719901662043295
0.2079047851790615
0.05232248063579446
0.2024569075588965
0.11933515915876852
0.13404968521729252
1.1038285449952743
1.995627947477324
0.192307417484878
0.0011197913314124858
0.0032015338902942007
0.29559761322588113
0.2492830227128304
0.009040069372552115
0.0009189644281295679
0.2433544078670308
0.2806691016163589
0.08276115269101215
6.097841943982444e-06
0.01526581090041213
0.0030053405291843496
3.0477224364214256e-05
0.03442187681239424
0.02992092372567802
0.15550619578879696
0.13228431320528752
0.08650703763258946
0.04705009668099007
0.10624148451034535
1.6743630696473724e-05
0.00047814444282736685
0.8856555134306161
0.7534526496015723
5.064048073031663e-05
0.0024440938208533333
0.01207112571261613
0.04667604037970602
0.19091612030469202
1.8063889418264487
4.621171590422852e-07
0.09052936837187031
9.595061308875195e-06
0.00041815558844722283
0.0007757493631470273
0.006575612254070025
0.001026043545912574
0.00461326926591079
0.08016199880649293
2.597722906296304
0.11921719920142486
0.03642683878465495
0.00018192384513758132
0.0014281824130459677
0.002114656607111059
0.004213085928559956
0.04603461538049459
0.0036642407945201116
0.04166941704396047
0.0018627836448229988
0.004972037552488179
0.07426919544549583
0.15598952469225005
0.0001426150113438388
0.00014585004603165705
0.0008635336586186325
1.7369516542470567
0.31676850838746673
0.040135377350209944
0.002151737753779676
0.10897841457809052
0.01522725692428773
0.05329945124888904
5.586609767837293e-05
0.007070086587503775
0.02550795345682259
0.07682422358397077
1.04029124671176
0.0003704762448246288
0.09420495654713984
0.0009748277827554003
0.01123674665088643
0.2216329196289664
0.04452862190838823
0.19535049278650282
0.03730023074270759
0.003941266434359481
0.005480535938872206
0.001953937420802425
0.11795710724717375
0.30023102227449716
0.009787167045011796
1.7535498997903751
0.026496929468479775
6.753438535054063e-05
0.0359123223192923
0.2591360474797912
0.001259182115811184
1.8380965350161242e-06
0.11341533582446696
0.054185035630990974
0.015787166561803966
0.29301351914127466
0.01890133917252806
0.00014553048126508562
1.3227967407115784
0.2581812758440373
0.00010932311168396714
0.64702824476814
0.00012976028597815633
0.4409308330708019
0.3430198538789012
0.003993464730556086
0.021691966791729578
0.03675180042428485
0.0007414806314347063
0.152750915497036
0.13426955218543243
0.05853146489025764
0.1253697633682979
0.0011999113672326255
0.0025959789618295627
0.14524261214008735
0.003675082406463454
1.9725749894566176
0.1511210954512591
0.0007883492394771007
0.018104912607801563
0.3833416876404177
0.22807338359564172
0.037527336850612374
0.014080526647451658
0.20987334247548758
0.022154466921642888
3.3789158536352673e-06
0.004808371244520258
0.018866531430127856
0.03658249371126509
0.319050690193899
0.09437440733287426
0.6515598570172317
0.519321826976257
0.0024511088479717627
0.023415532049834938
0.26106321287677303
0.0016025998724669723
0.5969843510069588
0.051453437588982874
0.04895022729278787
0.0004488665046725929
0.11528680473070738
0.05069852831880008
0.0006210727916553611
0.004671620260098559
0.003543685865689959
0.3913592923613326
0.046676170411533296
0.0018925379597172177
6.474808404542329e-07
0.8386324936874338
0.026902399456456748
0.015253765485895937
0.06725716039664738
0.027895383763434832
0.21418783093860763
0.008960280495397845
0.0008044090542973285
0.029250239162970558
0.0004076508448519352
0.11668310880729661
0.000466742746191511
0.2309281107158568
0.3005987207034499
0.007712234118579237
0.5627488419249883
0.4331058502868605
0.5953034562574094
0.04529492187995269
1.5811301130127418e-07
0.004161511083868809
0.006354470328670979
0.026719483516781224
0.37731659164397263
6.219420955915824e-05
0.0013948936473377226
0.0024384553259669656
0.0004016189548661484
0.1647976628738649
0.0002266801314792484
0.002586262793934263
0.14975859914617567
0.1388526387209136
1.2743953862247557
0.8465369372175912
0.6663209542152898
1.38796968897911
0.019436856053550056
0.011496175251454438
0.45263171865550716
0.06834618086774795
0.00944238921513874
0.002418954790592508
0.09342166069276858
2.0050300450734333e-05
0.17649057113448072
0.046977142932445905
0.026324908799094604
0.6038403181466536
0.26263997891837043
0.00890617261426861
1.1567072307882036
0.4974329070509065
0.2563820628119977
0.6872469748895702
0.018992453092739475
0.0007194870387305088
0.17958047315869938
0.007309419166709819
0.00834834765048899
7.547268766590862e-05
0.0037370785452267834
0.0035429433937450815
4.192823556964284e-06
0.023489973679591915
0.0010234891667282833
0.06514042800319798
9.632600905284205e-05
0.01148425822742975
0.018169673361804736
0.04220847309735976
0.13866981745244586
0.007299065854631522
0.11768684609516548
0.2165394186457034
0.04976831691638443
0.0663679097071654
0.033778103760032215
0.0653812613661475
0.04018528790378084
0.052599180696225385
0.020493877939593095
0.02977659243763646
0.03877670982342828
0.006141166429207411
0.006296422316025182
0.0017022606839912741
0.9590667690186979
0.21011791967872556
0.021063964844239485
0.00883345357501299
0.06507566442082571
0.8485559209637965
0.028334478904271737
0.11668568917312142
0.26745072527525743
0.035021803688450835
0.0887768725504436
0.2734318936063326
0.020772221260017862
0.28144489965548325
0.00015111411970880075
1.1675370147962036
0.007049639780067801
0.2912738878794528
0.00023401363946193803
0.00851809778031613
0.0016468862587087582
0.34483888657072426
0.03789928628852385
0.44653277464266616
0.014468157528878587
0.011687106503794105
0.00019547990047922607
0.09806965606211633
0.007252158279194433
0.01646529835714019
7.579991663494489e-05
0.05934817685809136
1.0156728096079581
0.03180704001228232
0.2853145077703163
0.0023601694384707064
0.40676443307311183
0.012283459817084053
0.8502421311167624
0.018975220834802752
0.01311926933902442
0.31175431394831804
2.984706558182775
0.016071771168550616
0.010651716022447678
0.6491962102420045
0.025198417111950352
0.03238945143345492
1.146669869120117
0.16458591214561805
0.0023601242743673894
0.1215093036453967
0.044346691402520115
0.0030896148902082774
0.00045645377560762744
0.8759996017290259
0.16346423316684358
0.03685580767333336
0.002387448382237546
0.08393708486466264
0.0013581564314810383
0.004146404521202945
0.001761130101916708
9.43891075212092e-05
0.07614333276049258
0.23214653550064734
0.23619078089317844
0.1465393655642747
0.14963698341934917
0.039820490611275315
0.0007351167166091023
3.93215815597538e-06
1.1823753279957193e-06
0.35444102544170014
0.0498129749907127
0.08709400340492825
0.002597577693874102
0.17266864903747342
0.0011458765683482074
0.02759216533048355
0.19944275417828827
0.000273485674527422
0.16472031127178413
0.014696217047062086
0.17483793755078578
1.0628588075315082
0.010995863150971426
0.016347649795634512
0.018622326882912186
0.0013593612093398075
0.05478867908224665
0.0001118326642100506
7.411176796655006e-05
0.02839494183360653
0.14152262084205836
0.27951553657283146
4.824556672314916e-05
0.0022497627548689787
0.11528699805260868
0.014930634860782601
0.00324530773193856
0.004612043935699028
0.01508699217175465
0.10241084842340926
0.17640197454680231
0.062139566460603424
1.087953737799353
7.928995923233452e-05
0.16845219201822237
0.9141411329130947
0.17611580173773098
0.02950496055030973
0.46315911620055883
0.3404454769472761
0.0032311328831119545
0.6137137981470256
0.0003044270313509139
0.006520840813323583
0.7943364234637106
0.034685037478145775
0.01929926982158021
0.0828262518460684
1.0691344371523456e-05
0.0038862372687078254
0.06792311455289513
0.03227259149846818
0.0191598934670414
0.003264387637884338
0.3655388528876642
0.3685802222106014
0.004477349801084636
0.2233981880590882
0.010870693154759012
0.009400332381132354
0.001910729276054327
0.9180903692879214
0.003955265701692373
0.011522020551359334
0.0407544027310305
0.7720581297260835
